fx: 254.4
fy: 375.93
cx: 267.38
cy: 231.00

