fx: 254.4
fy: 375.93
cx: 267.38
cy: 231.00
dist_1: 0.0
dist_2: 0.0
dist_3: 0.0
dist_4: 0.0





# Debug
gradient_display_factor: 100